1 6 17 31 
2 1 7 9 12 13 18 25 26 27 31 35 36 38 
3 1 7 9 12 13 18 21 26 27 29 31 36 38 
4 6 9 11 12 13 17 18 19 20 21 23 26 36 
5 1 3 4 6 7 9 11 13 17 19 20 26 27 29 31 35 
6 
7 6 9 17 
8 2 3 4 6 9 11 15 16 17 19 20 21 22 23 25 26 29 31 35 
9 27 
10 1 2 4 6 7 8 9 11 12 13 15 16 17 18 19 20 23 25 26 27 29 36 
11 6 7 9 17 27 35 
12 1 6 9 11 17 25 35 36 
13 7 9 11 12 17 27 31 35 36 
14 1 2 3 4 5 7 9 11 13 16 18 20 23 26 29 31 35 36 38 39 
15 2 3 7 9 11 12 13 18 20 22 29 31 36 
16 1 2 3 4 5 6 9 13 15 18 19 21 23 25 26 27 29 35 36 38 
17 6 9 31 35 
18 6 7 9 11 12 13 17 31 35 36 37
19 1 3 9 12 13 17 18 23 25 26 27 29 31 37 
20 1 2 3 6 7 11 12 13 19 21 27 29 35 36 38 
21 1 7 13 17 18 25 27 31 35 38 
22 2 3 6 9 11 18 19 20 21 23 25 26 29 31 35 36 37 38 39 
23 1 2 6 7 12 13 17 25 26 27 31 36 37 38 
24 1 2 3 4 9 16 17 18 19 21 23 26 31 35 36 37 38 39 
25 1 6 7 9 17 31 36 
26 6 7 9 11 12 17 21 27 31 35 36 37 38 
27 
28 2 3 4 5 7 8 10 14 15 17 18 19 20 21 22 23 25 27 29 31 36 37 38 39 
29 1 9 12 13 17 25 26 35 38 
30 3 4 9 12 15 16 17 20 22 24 25 26 28 29 31 32 34 35 37 38 
31 6 35 
32 2 5 8 9 10 12 14 16 17 18 20 26 27 28 29 35 36 39 
33 3 4 6 8 10 13 14 15 18 19 20 21 22 24 26 27 28 31 32 34 35 36 37 39 
34 1 3 5 6 8 10 12 13 16 18 21 22 24 26 28 29 31 32 35 36
35 6 9 27 
36 6 7 11 17 27 35 
37 1 7 9 12 13 17 25 27 35 
38 7 11 13 17 18 25 27 31 35 
39 3 4 6 7 9 11 12 13 17 18 19 21 23 25 26 29 35 36 37 
40 1 3 5 8 12 13 14 15 17 19 20 22 23 28 30 32 33 34 35 36 37 38 39 
