1 3 4 6 10 15 17 20 21 23 24 25 26 27 30 34 36 37 40 41 42 43 44 45 49 52 55 56 58 
2 9 10 15 20 24 27 31 36 37 42 50 57 58 
3 9 10 25 31 36 40 42 43 57 
4 2 9 10 13 19 20 21 25 30 31 33 36 37 43 57 
5 2 3 4 6 9 13 15 20 21 23 24 26 27 28 29 30 32 33 35 36 37 40 41 42 43 44 46 47 49 55 58 
6 2 9 10 19 20 21 25 27 28 29 30 32 33 34 35 36 37 40 41 43 45 47 48 49 58 
7 2 3 5 9 10 11 17 21 22 23 25 27 28 30 31 32 33 34 35 39 40 43 44 45 46 48 49 51 53 55 56 58 59 60 
8 2 3 5 7 11 12 13 15 17 20 22 23 24 26 27 29 30 31 32 35 36 38 41 44 45 46 48 50 52 53 55 56 
9 10 20 24 36 40 
10 20 37 
11 2 3 6 9 15 20 21 22 23 25 26 27 28 29 31 32 33 34 35 36 40 42 43 44 45 46 47 49 51 52 53 58 59 60 
12 2 5 7 10 13 15 17 22 23 25 27 28 29 30 32 33 34 40 41 42 44 48 49 50 51 52 53 55 56 58 59 60 
13 19 31 36 37 43 47 57 
14 2 7 12 13 15 17 19 20 21 22 25 26 27 28 30 31 34 36 37 38 40 43 44 45 46 47 49 50 51 52 53 55 56 57 58 59 60 
15 10 20 24 25 36 37 42 43 
16 1 2 3 4 5 6 10 12 14 20 21 22 24 27 28 29 31 32 34 36 37 39 40 41 44 45 46 49 51 53 54 55 59 
17 2 3 4 6 9 10 13 15 19 20 21 23 24 26 27 28 30 31 34 35 36 37 39 42 44 45 47 48 50 51 52 53 59 60 
18 1 2 3 4 8 12 13 14 15 17 19 21 26 28 30 31 32 35 37 38 39 40 41 45 46 48 49 50 51 52 53 54 57 58 59 60 
19 3 10 15 20 25 36 37 42 43 47 57 
20 
21 3 9 10 15 19 20 24 25 31 36 37 43 47 57 
22 2 4 6 10 13 15 23 25 28 29 30 31 32 33 36 38 40 41 45 46 47 48 49 51 52 58 60 
23 2 3 4 9 13 19 20 21 25 27 29 31 32 36 37 40 41 43 45 48 49 50 57 58 
24 20 37 42 
25 10 24 36 37 40 47 
26 3 6 10 13 21 23 24 25 27 29 30 31 33 34 36 39 43 47 49 50 51 53 57 60 
27 3 9 10 13 15 20 21 24 25 30 36 37 47 57 58 
28 2 4 10 13 15 19 20 33 36 40 43 47 50 57 
29 2 4 9 15 19 20 21 24 25 27 30 32 36 37 41 42 43 45 47 50 57 58 59 
30 3 9 10 13 15 19 20 21 24 37 42 47 58 
31 9 10 25 36 40 42 43 47 
32 2 3 9 19 20 21 24 25 40 42 47 48 57 58 
33 3 9 10 13 15 19 20 21 24 25 30 31 36 40 43 47 48 50 57 58 
34 2 4 9 10 19 21 24 25 30 31 32 36 37 40 47 48 50 58 
35 2 4 15 19 20 24 25 27 28 30 31 32 33 34 36 40 41 42 47 48 57 58 
36 37 
37 20 
38 2 4 6 9 13 19 20 21 24 25 27 28 30 32 35 36 40 41 42 43 45 48 49 51 58 59 60 
39 2 3 6 9 10 15 19 20 21 23 24 25 27 28 30 32 36 37 40 41 42 43 45 46 48 49 51 52 58 59 60 
40 20 36 37 42 
41 2 9 10 15 20 25 28 30 31 33 34 36 40 42 43 47 48 50 58 
42 
43 10 20 36 37 47 
44 4 6 9 10 21 22 23 25 27 30 31 32 33 34 35 37 40 42 43 45 46 48 49 51 52 53 57 58 59 
45 2 3 10 13 15 20 24 27 30 31 32 34 35 37 41 42 43 47 48 50 57 58 
46 3 6 19 20 23 24 25 27 29 30 31 32 35 41 42 43 45 50 60 
47 36 37 42 
48 2 3 10 13 19 20 21 24 25 31 36 37 40 42 47 58 
49 3 9 10 13 19 21 30 31 32 33 35 36 37 40 41 42 43 45 48 50 
50 9 15 20 24 25 27 30 31 37 40 42 43 47 57 58 
51 3 4 6 9 10 13 15 19 20 23 24 25 28 29 30 32 36 37 40 41 46 47 48 49 50 59 60 
52 3 4 9 15 20 23 24 25 27 28 30 32 33 35 36 40 41 42 43 46 47 48 49 51 57 58 59 60 
53 2 3 4 9 10 15 19 21 23 25 34 35 36 37 38 40 42 43 45 46 47 48 49 50 51 57 58 
54 1 3 4 10 13 15 19 21 22 24 27 28 29 30 32 36 37 39 40 41 42 43 45 46 47 48 49 50 51 52 58 
55 3 6 9 10 13 15 17 19 20 21 24 25 26 27 28 32 35 38 42 43 44 46 47 48 49 50 51 53 58 
56 2 3 6 9 10 13 15 19 20 23 24 25 26 27 29 30 31 32 33 34 35 38 39 40 43 45 46 47 48 52 53 58 59 60 
57 10 15 20 24 36 37 40 42 47 
58 3 10 15 20 21 24 25 31 37 40 47 57 
59 3 4 9 10 15 19 24 27 28 30 32 33 34 35 40 41 42 43 45 47 48 57 58 
60 3 10 20 24 25 27 28 29 30 32 33 36 37 42 43 45 47 50 57 59 
