1 5 10 19 20 22 32 50 51 61 
2 1 5 10 11 14 24 43 44 50 51 61 69 71 
3 1 8 10 13 14 16 17 18 19 20 21 22 24 26 29 31 32 34 35 43 44 46 50 51 54 55 56 57 58 59 60 61 63 64 66 67 69 70 
4 2 5 8 11 13 15 16 17 18 19 21 24 25 26 27 28 29 30 31 32 35 38 43 44 46 47 50 51 52 55 56 57 59 60 62 63 65 66 68 71 72 75 
5 19 20 22 24 43 61 69 
6 2 3 4 8 9 11 13 14 17 22 23 25 28 29 30 31 33 35 36 38 43 44 46 51 53 54 55 56 57 58 59 60 61 62 64 65 66 67 68 69 70 72 73 75 
7 2 3 5 6 8 9 10 13 14 15 16 17 18 19 20 21 22 23 24 25 26 29 30 31 32 33 35 38 39 41 43 44 47 50 53 54 57 58 60 62 63 64 65 66 68 69 70 71 73 75 76 77 
8 1 2 10 11 14 22 24 29 44 50 51 54 57 62 69 71 
9 2 5 8 10 14 20 22 24 29 32 34 43 50 54 61 62 66 67 69 71 
10 50 69 
11 10 19 20 22 24 61 67 71 
12 2 5 8 9 10 11 19 20 22 24 29 32 44 54 57 62 66 69 
13 5 9 10 11 12 19 20 22 24 34 43 44 51 54 61 67 69 71 
14 1 5 10 11 19 22 32 61 69 71 
15 2 5 9 11 12 13 14 17 18 19 20 22 23 27 29 32 35 43 44 50 52 57 61 65 66 67 68 69 71 
16 2 5 9 11 12 14 15 17 18 19 20 22 23 24 29 32 35 43 44 47 51 53 57 61 62 66 67 68 69 
17 1 2 5 8 9 11 12 13 14 19 20 22 24 29 34 43 44 50 51 52 54 61 62 66 67 71 
18 1 2 5 8 11 12 14 17 19 22 24 27 32 35 44 50 51 54 61 62 65 66 67 68 69 
19 50 
20 10 19 24 32 43 50 61 69 71 
21 1 5 9 10 12 13 15 16 18 19 20 22 23 26 27 29 34 38 43 46 47 50 51 52 53 57 62 66 68 69 70 71 
22 10 19 24 50 61 69 71 
23 2 5 8 9 11 12 14 17 19 24 27 29 32 35 43 44 50 51 52 61 66 69 
24 10 32 69 71 
25 1 2 5 8 9 11 13 14 17 20 21 22 24 26 27 29 32 34 38 43 44 46 47 50 51 55 57 61 62 63 66 67 69 71 
26 1 2 9 10 12 13 18 19 20 22 24 27 35 44 47 50 51 52 61 62 65 66 68 69 71 
27 1 2 8 9 10 11 12 14 17 19 20 22 24 34 35 44 50 65 66 67 69 71 
28 1 8 9 12 18 19 23 24 25 26 27 29 34 38 44 47 50 51 52 53 54 55 57 61 62 63 65 66 67 68 69 70 71 
29 2 10 11 14 19 44 50 57 61 67 71 
30 1 2 9 10 11 13 15 16 17 18 20 21 22 23 24 25 26 27 29 34 38 50 51 52 53 54 55 56 57 58 62 65 66 71 
31 1 2 8 9 11 14 15 18 19 20 21 23 24 25 28 30 32 35 44 50 53 55 56 57 58 60 61 62 63 66 69 71 75 
32 10 50 71 
33 1 2 3 4 9 11 12 13 14 15 17 19 21 22 25 26 27 29 30 31 34 38 43 46 47 51 53 55 56 57 59 60 61 62 63 64 65 66 68 70 71 72 73 75 
34 1 5 10 11 22 24 29 44 50 51 54 57 61 66 67 69 
35 1 2 5 9 10 11 12 17 19 22 24 29 32 34 43 44 51 61 67 69 
36 2 3 4 5 8 9 10 11 12 13 16 17 19 20 21 23 24 27 30 31 32 33 35 38 43 47 50 54 56 57 59 62 63 64 65 68 69 70 71 72 73 
37 1 2 4 6 9 10 11 14 15 16 17 18 19 20 21 22 23 24 28 29 32 38 46 47 50 52 54 55 56 59 61 62 63 64 65 66 67 68 69 70 72 74 75 
38 2 10 11 12 14 20 23 24 26 29 32 34 35 43 44 50 52 66 68 69 70 
39 1 4 9 11 13 15 19 21 24 25 26 28 31 33 34 35 36 38 43 44 46 47 51 52 53 54 55 59 61 66 70 72 76 
40 1 2 3 5 6 8 9 10 11 12 14 15 16 17 18 20 22 23 24 25 26 30 31 36 37 51 52 54 55 57 58 59 60 61 63 64 66 67 71 72 74 75 76 
41 1 2 4 5 6 11 12 13 14 15 16 17 20 23 27 28 31 32 33 34 35 38 39 40 43 44 46 47 50 54 55 56 58 59 60 61 62 63 64 67 68 71 72 75 76 77 
42 1 3 6 14 15 16 17 20 22 23 24 27 29 30 32 34 35 37 39 41 44 46 50 51 52 53 55 56 58 60 61 62 64 65 66 67 68 69 71 73 74 76 77 
43 10 32 50 69 
44 5 19 20 22 24 32 43 61 67 69 71 
45 3 5 7 8 11 13 16 17 18 19 20 23 24 25 27 28 29 30 32 35 37 38 39 40 42 46 47 50 52 53 54 55 56 57 58 59 61 62 63 64 66 68 70 71 72 73 75 76 77 
46 1 5 10 11 12 13 17 18 19 20 22 24 35 43 44 50 51 52 54 61 69 71 
47 1 9 10 11 12 14 17 20 22 23 27 29 32 34 35 43 44 50 51 54 61 62 65 66 67 69 
48 1 3 5 6 7 8 9 11 12 14 15 17 18 21 22 25 26 27 29 31 33 34 35 39 40 44 45 46 47 55 58 59 60 67 68 69 75 77 
49 1 6 10 11 12 13 14 15 16 17 18 19 20 21 23 24 25 26 27 28 29 30 31 32 36 37 38 40 41 42 43 44 45 46 47 50 51 52 53 55 56 57 58 59 60 62 63 65 68 71 72 73 77 
50 
51 11 19 20 50 61 69 71 
52 1 9 12 20 24 29 34 50 51 54 57 62 67 71 
53 1 2 5 8 9 10 11 14 19 20 24 34 50 51 54 61 62 66 67 
54 1 2 5 10 11 14 19 20 22 32 43 51 57 62 67 69 
55 9 10 12 13 15 16 17 18 20 22 23 35 38 43 46 47 53 54 57 62 66 68 71 
56 1 2 5 9 10 11 16 17 19 24 26 27 28 29 32 35 38 43 47 50 51 52 53 54 61 65 66 67 68 71 
57 1 5 10 20 22 24 32 43 44 50 69 71 
58 1 2 5 8 9 10 11 15 18 20 22 23 24 26 27 28 29 32 34 38 43 44 47 51 52 53 54 55 56 62 67 69 70 71 
59 1 8 9 10 11 15 17 19 20 22 25 26 27 28 29 35 38 43 44 46 47 52 53 54 57 58 63 66 71 
60 2 5 10 11 12 14 16 18 20 22 23 24 26 28 30 44 47 51 54 55 56 57 58 63 65 66 67 68 69 70 72 
61 10 19 69 71 
62 1 5 10 11 14 22 24 32 43 50 51 67 69 71 
63 1 2 8 9 10 11 12 13 14 15 16 17 20 21 23 24 26 27 29 32 34 43 46 50 51 52 53 54 61 62 65 66 67 69 70 
64 1 2 5 8 9 11 16 19 21 22 24 25 26 27 29 30 32 35 38 43 46 50 51 54 55 56 57 59 60 61 63 67 68 72 75 
65 1 2 8 9 11 12 13 14 20 29 32 34 50 54 57 61 62 66 67 69 71 
66 1 2 5 8 14 19 22 24 32 44 50 51 54 61 62 
67 22 24 32 43 71 
68 8 9 10 12 13 17 19 20 22 34 43 54 61 62 69 71 
69 19 
70 2 5 8 9 10 11 12 13 14 15 16 19 20 23 26 27 29 32 35 44 46 51 53 54 57 61 62 65 67 68 
71 19 69 
72 1 2 8 12 13 14 15 16 17 18 22 23 27 30 32 34 35 38 43 46 47 52 53 55 56 57 58 59 62 65 67 70 
73 1 2 4 8 9 10 11 12 13 14 15 16 17 18 20 21 25 26 27 29 30 31 35 38 46 51 53 54 55 57 59 63 67 68 69 70 71 72 
74 3 4 6 9 10 11 12 13 14 16 19 20 22 25 29 32 33 36 43 44 46 47 51 53 55 56 57 59 60 61 64 65 66 67 68 71 
75 1 2 12 14 15 16 17 19 21 23 24 25 26 27 28 32 34 38 43 46 50 51 55 56 58 59 60 61 62 63 67 68 71 72 
76 2 3 6 8 9 10 12 13 14 15 16 17 18 19 20 22 23 24 25 26 28 29 30 31 32 33 34 35 36 38 44 46 50 51 52 53 56 57 58 60 61 62 63 65 66 68 69 70 72 74 75 
77 1 2 5 6 8 9 16 17 18 23 24 26 27 28 29 30 31 32 33 34 36 37 38 43 46 47 52 53 55 56 58 62 63 65 66 67 68 69 70 72 73 75 76 
78 1 2 3 6 7 9 10 11 12 13 15 17 18 19 20 21 22 23 24 26 27 28 31 32 33 34 35 36 39 42 43 44 45 50 52 54 55 56 61 63 65 67 68 69 70 71 72 74 76 77 
79 2 3 6 7 8 11 12 13 15 16 17 19 20 21 22 23 24 25 26 27 29 32 34 40 42 44 45 46 47 48 49 52 53 54 56 57 58 59 60 61 62 64 65 66 67 69 74 75 76 
80 1 2 4 6 7 8 11 12 15 16 17 18 19 20 21 22 23 27 28 30 33 35 37 38 40 45 46 47 48 49 51 52 53 54 56 58 59 60 61 62 64 66 67 68 69 73 75 76 79 