1 3 7 9 13 15 17 23 24 27 29 32 34 35 36 39 40 46 49 56 58 59 67 76 85 87 90 92 94 98 99 
2 1 7 11 12 13 14 16 17 19 21 23 27 29 30 32 33 34 35 36 39 41 43 46 49 56 59 60 66 69 70 79 81 85 89 90 97 99 
3 9 
4 1 7 9 11 12 14 16 19 21 22 24 27 30 32 33 34 35 36 39 40 43 44 46 49 56 59 69 70 76 77 81 87 89 92 93 95 97 98 99 100 
5 7 9 12 13 15 16 20 27 30 32 34 35 38 39 40 49 56 59 66 67 76 77 79 81 90 92 94 98 99 
6 1 4 5 9 11 13 14 15 16 17 21 22 23 24 25 27 29 33 34 35 36 38 40 42 44 45 53 55 56 58 59 66 69 70 77 79 82 83 85 87 89 90 91 93 94 95 96 97 99 100 
7 9 11 16 19 23 24 29 32 33 35 36 40 49 55 58 66 67 76 77 79 85 87 90 92 94 98 99 
8 1 2 3 4 6 7 11 12 13 15 16 17 19 20 21 22 24 25 28 30 32 33 35 38 39 40 41 43 45 46 49 55 56 60 69 70 72 79 80 81 82 85 87 94 98 
9 
10 1 3 5 6 7 9 11 13 14 16 19 21 22 23 24 26 27 29 30 32 33 34 35 36 37 38 39 40 42 43 44 45 49 53 55 56 59 60 67 72 76 77 79 80 82 83 85 87 91 94 96 100 
11 9 12 15 16 17 19 23 32 33 36 46 49 55 56 58 66 76 77 79 85 87 
12 3 32 36 66 98 
13 9 12 36 59 66 90 98 
14 7 9 11 12 16 17 20 24 29 30 32 33 34 36 39 40 55 67 76 85 87 90 92 94 98 
15 9 12 13 46 66 76 77 79 81 87 98 
16 12 36 49 59 66 90 98 
17 3 12 13 23 36 39 40 46 55 56 58 60 77 81 90 98  66 
18 66 
19 3 12 13 32 36 59 76 85 90 98 
20 1 3 9 11 12 13 15 16 17 19 23 24 27 29 32 34 36 38 39 55 66 76 77 79 87 89 90 92 98 99 
21 3 7 9 11 12 15 16 19 20 29 30 32 35 36 38 40 43 46 49 55 58 59 66 76 77 85 89 92 94 97 98 99 
22 3 9 11 14 15 16 17 20 21 24 27 32 33 34 35 36 38 39 40 49 56 59 60 66 67 69 70 76 77 79 81 87 89 92 94 99 100 
23 3 9 12 16 32 36 46 56 60 79 85 87 90 98 
24 12 15 16 23 40 46 49 60 66 67 77 79 81 85 90 98 
25 1 2 4 5 7 9 11 14 15 16 17 20 21 23 27 29 30 32 33 34 36 40 42 43 44 45 46 55 56 58 59 69 70 77 79 80 81 85 87 91 92 93 94 
26 1 2 3 4 6 7 11 12 13 17 19 22 25 27 29 30 32 33 36 39 42 43 46 49 56 58 59 66 68 69 70 77 79 80 81 82 83 85 87 89 90 91 92 93 94 95 97 98 
27 3 9 11 12 16 17 24 29 35 36 38 39 46 55 56 59 66 67 77 81 87 92 99 
28 2 3 5 7 13 19 20 21 23 24 29 30 31 32 33 38 39 42 44 46 49 53 58 59 66 67 72 76 77 81 83 87 89 90 91 93 94 98 99 100 
29 11 12 17 19 23 24 36 38 39 46 49 55 56 58 59 66 76 77 79 85 87 90 98 
30 3 7 15 16 19 20 23 24 29 32 33 34 36 38 40 46 55 56 59 66 67 76 77 79 81 89 90 
31 1 2 3 4 5 7 9 12 13 15 16 17 21 22 23 29 33 34 36 38 39 42 45 49 58 59 60 66 67 69 70 76 79 80 81 85 87 89 93 95 97 98 
32 9 49 59 66 
33 9 12 13 15 16 17 23 24 36 46 55 56 58 59 66 67 77 85 90 
34 3 9 12 13 15 17 23 24 27 29 33 35 36 38 40 46 49 55 56 58 67 76 77 79 81 87 92 94 98 99 
35 11 12 13 15 19 36 39 46 49 55 56 58 59 60 67 77 79 85 87 90 98 
36 3 
37 1 2 3 6 11 12 14 20 22 24 25 26 27 30 31 32 33 35 39 40 41 42 43 45 46 55 56 58 59 60 67 68 69 71 77 79 80 81 83 85 89 90 91 92 93 94 95 96 98 100 
38 3 9 11 12 15 17 19 24 32 33 35 39 40 46 55 58 59 76 81 85 98 
39 3 12 15 16 19 46 49 56 58 59 66 79 81 85 87 90 98 
40 3 12 13 15 16 19 36 39 49 56 59 66 67 76 77 79 85 87 90 98 
41 1 3 11 12 13 14 15 16 17 19 21 27 29 30 33 34 35 38 39 40 49 55 56 58 67 69 76 81 85 87 91 92 94 100 
42 5 9 11 12 13 14 15 16 17 21 24 29 30 32 33 36 38 39 40 41 43 44 46 59 60 70 76 77 85 89 90 91 92 93 94 97 98 99 
43 1 3 5 9 11 12 14 15 17 20 24 27 32 33 36 40 46 55 60 66 67 76 77 79 81 87 89 90 91 92 94 97 98 99 
44 1 2 5 7 9 12 15 16 17 19 20 21 22 23 24 29 30 33 39 43 46 49 56 59 60 66 67 70 76 77 79 81 89 92 93 94 98 99 100 
45 5 7 9 11 16 17 21 22 23 27 30 32 33 36 38 40 41 43 46 49 55 56 58 59 60 66 67 69 70 76 79 81 85 87 89 91 92 93 94 97 98 99 100 
46 3 9 12 13 32 36 59 98 
47 1 2 3 6 7 9 10 12 15 16 17 19 20 22 25 26 27 28 29 30 31 32 33 35 37 39 41 42 44 45 49 55 56 58 59 63 67 68 71 72 76 79 81 83 85 87 89 90 91 92 93 95 96 97 99 100 
48 3 5 6 7 10 11 13 14 16 17 19 20 24 27 28 30 31 34 37 38 39 41 42 43 45 46 49 53 56 59 60 63 66 68 69 70 71 72 73 76 77 79 81 83 85 92 94 95 96 97 99 100 
49 3 
50 4 5 10 11 13 14 15 16 20 23 27 31 34 36 37 38 39 41 42 44 45 46 47 49 55 56 59 60 66 67 69 70 71 72 73 76 79 80 82 83 85 87 89 91 95 96 98 100 
51 2 3 5 7 8 9 13 15 17 19 20 21 22 23 24 26 27 30 31 33 34 36 37 38 40 43 45 46 47 49 53 55 56 58 59 60 63 66 68 69 71 72 76 77 80 81 82 83 87 92 93 94 96 99 
52 1 2 3 5 6 9 11 15 16 19 22 23 27 28 29 30 31 32 33 35 36 39 40 41 42 43 45 46 47 49 50 51 56 59 60 63 67 68 70 71 72 73 79 80 81 82 83 85 87 89 90 92 93 96 99 
53 1 2 3 9 11 13 14 15 16 17 19 21 22 23 27 29 30 33 34 35 36 38 40 41 42 43 49 56 58 60 66 67 69 70 79 80 87 89 90 91 93 94 95 97 98 99 100 
54 2 3 4 6 7 8 11 12 13 14 17 19 20 21 22 23 24 25 26 27 29 30 31 32 33 34 35 36 37 39 41 42 43 44 47 48 49 53 55 58 59 60 63 68 69 70 71 76 77 79 80 81 82 83 85 90 92 93 94 96 97 98 99 100 
55 3 9 13 15 19 23 32 36 39 49 56 58 59 60 66 67 76 85 87 
56 3 9 12 13 16 19 32 49 59 60 66 77 79 98 
57 1 2 4 6 7 9 11 12 13 14 15 16 17 20 21 22 23 24 25 26 27 28 29 31 32 33 34 35 36 38 40 41 44 45 46 48 50 51 52 53 55 56 59 60 63 66 67 68 69 71 72 77 79 83 85 87 89 92 93 94 95 96 97 99 100 
58 3 12 19 23 36 49 59 60 77 79 81 85 98 
59 3 9 49 
60 3 9 12 13 16 32 36 49 59 66 85 90 
61 3 4 5 6 7 8 10 13 17 20 22 24 27 29 30 31 32 34 36 37 38 40 43 44 47 48 53 54 55 56 57 58 59 60 63 66 67 70 72 74 76 79 80 81 85 87 89 90 93 94 95 98 100 
62 1 3 4 5 6 8 9 10 11 12 13 14 15 16 17 19 21 23 26 27 29 30 32 33 35 36 37 38 40 42 45 46 47 48 51 52 54 55 56 57 58 60 61 66 69 73 74 75 77 83 87 89 91 93 94 100 
63 2 5 7 9 11 13 15 16 19 20 21 22 23 24 25 28 29 30 31 32 34 37 40 41 42 43 53 56 58 59 60 67 68 69 71 72 76 77 81 83 89 91 92 93 94 95 99 
64 2 3 4 6 8 14 15 16 17 20 24 25 26 27 31 32 34 35 36 37 38 43 44 45 47 48 50 51 54 55 56 57 58 59 60 61 63 66 69 70 71 72 73 74 77 79 81 82 87 89 91 93 94 95 96 97 98 99 100 
65 1 3 4 5 8 9 10 11 12 14 16 17 20 21 25 26 27 28 29 32 33 34 35 36 37 38 39 41 42 44 45 48 49 50 52 53 54 55 57 59 60 61 63 64 67 68 70 71 72 73 74 75 76 77 79 80 81 82 83 85 89 90 91 92 93 94 95 96 97 99 
66 3 9 
67 3 9 15 19 32 39 46 49 56 59 60 76 77 85 
68 1 2 3 5 9 12 13 16 17 20 24 27 29 31 33 34 35 36 39 40 41 43 45 49 53 58 59 60 66 67 69 77 79 80 81 85 89 93 94 95 96 98 
69 1 3 7 9 11 13 15 17 19 23 27 29 30 32 33 34 35 38 39 40 43 46 59 66 67 79 81 87 89 90 92 94 97 98 99 
70 1 5 9 11 12 13 14 17 19 20 21 23 24 29 30 32 33 35 38 39 40 43 55 59 60 66 67 76 79 81 85 87 89 90 92 94 100 
71 1 2 4 5 6 7 9 11 13 16 17 19 20 22 25 27 29 30 31 32 34 35 36 39 40 44 45 49 55 56 58 60 67 69 70 72 76 79 80 81 82 83 85 90 93 94 95 96 97 
72 1 2 4 9 11 15 16 17 19 20 21 22 24 27 29 30 32 33 35 42 44 45 53 55 56 58 59 60 66 67 70 77 79 81 87 89 90 91 93 94 95 97 99 100 
73 1 4 5 6 7 9 10 11 12 13 14 16 19 23 25 28 29 31 32 33 41 44 46 49 53 56 58 63 66 67 68 69 70 72 76 79 81 82 83 85 90 95 97 99 100 
74 1 2 3 4 5 9 12 13 14 15 16 17 19 24 25 27 28 29 30 31 32 35 36 38 39 40 42 43 45 46 47 49 50 51 55 59 66 67 68 69 70 72 73 77 80 82 85 87 90 92 94 95 98 99 100 
75 2 3 4 6 8 9 11 13 16 19 20 21 22 24 25 26 28 29 31 32 33 36 37 40 41 42 49 50 51 58 61 63 67 69 71 73 76 77 79 81 82 83 87 91 92 94 95 96 97 
76 12 32 36 66 
77 3 16 19 32 36 59 60 66 90 98 
78 1 3 6 7 9 11 13 15 16 21 22 23 25 28 32 33 34 35 38 39 40 43 46 47 52 53 56 57 59 65 67 68 72 79 80 81 83 87 91 93 94 99 100 
79 3 12 32 36 49 59 60 66 76 98 
80 1 2 7 11 12 14 15 17 19 22 23 24 27 30 34 35 36 39 41 43 45 56 58 59 60 77 79 81 85 87 89 90 91 92 93 97 98 100 
81 12 13 36 49 59 60 66 76 77 79 98 
82 1 3 5 7 9 13 14 15 16 19 21 24 25 27 30 31 32 33 35 38 39 41 43 44 45 46 49 53 55 56 58 59 60 69 72 76 79 85 87 89 90 91 93 94 95 97 98 
83 1 2 3 4 5 11 14 16 17 19 22 23 24 27 29 30 31 32 33 34 41 42 45 46 53 55 59 60 67 69 79 80 85 87 89 90 92 95 96 97 99 100 
84 1 2 4 5 7 9 10 11 15 17 20 21 22 26 27 28 29 30 32 33 34 35 36 37 38 39 40 41 42 43 44 45 46 47 52 55 57 59 61 62 63 64 65 69 72 73 76 78 79 80 82 83 85 87 90 91 97 98 99 100 
85 3 36 66 
86 1 5 6 7 8 10 13 16 17 18 19 20 21 22 23 24 25 27 28 29 30 32 33 34 35 37 38 39 40 41 42 43 44 49 50 51 52 54 55 56 58 59 60 61 62 64 65 67 68 69 71 72 73 74 81 83 84 85 87 90 91 94 96 97 
87 13 19 32 46 49 56 59 66 76 77 79 85 90 
88 2 4 6 7 9 10 11 12 13 14 15 16 17 18 19 23 24 27 28 29 30 34 37 40 41 43 44 45 46 47 51 55 56 57 58 59 62 64 65 68 69 70 71 72 74 75 79 80 82 84 85 87 89 92 95 96 97 98 99 
89 3 7 12 13 15 16 19 23 24 29 32 34 35 36 38 39 40 46 49 55 56 58 59 60 66 67 76 85 87 90 92 94 98 99 
90 9 12 32 49 66 
91 1 5 9 11 15 17 23 24 29 30 32 33 34 36 38 39 40 46 49 59 66 76 79 81 85 89 90 99 
92 11 12 15 23 24 32 35 36 39 40 46 49 55 56 58 60 66 67 76 81 85 90 94 98 
93 1 2 3 7 9 11 13 14 15 17 19 20 21 23 27 29 30 32 33 34 35 36 38 39 40 41 49 56 58 59 60 66 67 77 81 87 90 91 92 94 98 100 
94 3 9 11 12 16 19 23 24 32 33 35 36 49 55 56 59 60 66 77 81 85 90 
95 1 3 7 9 12 13 14 15 16 17 19 22 24 27 29 30 33 34 35 36 38 42 44 46 49 55 56 58 60 67 70 76 77 81 85 92 97 98 99 
96 1 3 4 5 7 12 13 14 16 17 19 20 21 22 23 29 30 31 34 36 38 46 49 53 59 60 66 69 76 77 79 85 90 92 93 99 100 
97 1 5 9 11 12 13 14 16 17 20 23 24 27 30 32 33 34 40 58 60 66 67 76 77 79 87 89 90 91 92 94 99 
98 3 32 
99 3 11 12 13 15 19 23 29 32 33 35 36 38 39 40 46 55 59 66 76 81 85 87 90 94 98 
100 1 3 7 9 11 14 16 17 20 24 27 29 32 34 36 38 39 43 46 49 55 56 58 59 60 66 67 76 79 85 87 89 90 91 94 
